[  3.0840015 -11.316999   15.76     ]
[ 4.085001  -7.6590004 16.156    ]
[ 7.193001  -6.6470003 14.210001 ]
[10.438002  -6.1099997 16.095    ]
[12.273003 -4.656    13.054003]
[14.195999 -1.434    13.702002]
[13.039001   1.6280003 11.778002 ]
[14.719002  5.024    12.236002]
[12.582001   6.9260006  9.790003 ]
[12.614002 10.496     8.579   ]
[13.372002 11.823999 12.086   ]
[16.206001  9.492001 13.028002]
[14.548  7.639 15.892]
[16.771     5.672001 18.238   ]
[16.827     4.650999 21.888002]
[19.229     5.615999 24.665003]
[19.698002  4.179001 28.163   ]
[21.328     5.507    31.292002]
[24.904      4.3120003 31.929003 ]
[24.305      2.8080006 35.348    ]
[26.580002   -0.04299927 36.245003  ]
[26.184002  -3.4580002 37.795006 ]
[26.501999  -2.3620005 41.43     ]
[24.09      -4.3859997 43.555    ]
[22.452 -1.026 44.234]
[21.170002   -0.39999962 40.694     ]
[17.434002  -0.6409998 40.135002 ]
[17.542      -0.79800034 36.364006  ]
[20.573002  -1.5179996 34.162003 ]
[21.02      -1.8920002 30.407    ]
[23.591    -4.125    28.661001]
[24.772     -2.9189997 25.252    ]
[26.448002  -6.2300005 24.542002 ]
[23.233002 -8.123    25.194002]
[20.855999 -5.299    24.058   ]
[19.126999  -6.2300005 27.267    ]
[17.623001  -4.2799997 30.174002 ]
[17.712002  -5.6540003 33.698997 ]
[15.235001  -4.0860004 36.155006 ]
[13.292     -4.5909996 39.368004 ]
[ 9.564001  -5.2539997 39.346    ]
[ 7.75  -1.842 39.403]
[10.7820015   0.46500015 39.654     ]
[11.547001   3.3700008 37.256004 ]
[13.068001  2.354    33.908005]
[14.223999   5.4570007 32.083    ]
[14.093002   4.9570007 28.322    ]
[15.385002   7.8220005 26.172003 ]
[14.227001   8.8220005 22.731    ]
[16.880001 10.215    20.438002]
[15.810001 11.938    17.236002]
[17.551003 14.136    14.599001]
[14.744999 16.522999 13.601   ]
[11.815002 17.292    15.855001]
[ 8.652     15.204     15.0720005]
[ 5.458    17.131    14.231001]
[ 2.896 18.013 16.961]
[ 0.5550003 15.165001  17.81     ]
[ 3.3260002 12.534     17.625002 ]
[ 2.8660011  9.698     20.094    ]
[ 5.1990013  7.038     21.607    ]
[ 4.0460014  3.4659996 22.185    ]
[ 5.477001    0.37999916 24.021002  ]
[ 4.642     -3.4040003 23.752    ]
[ 6.040001  -6.7180004 25.105001 ]
[ 6.3200016 -9.95      23.097002 ]
[  7.8640003 -13.337      23.908003 ]
[ 11.4070015 -13.683001   22.492002 ]
[ 11.304001 -17.427     21.613   ]
[  9.545 -18.414  18.364]
[  7.642    -21.209     20.069002]
[  5.9630013 -18.630001   22.394003 ]
[  5.745001 -15.608     20.119001]
[  1.9940014 -16.047      19.583002 ]
[  1.0700016 -16.         23.279001 ]
[  0.13700104 -12.43        24.327002  ]
[  2.3700008 -11.17       27.159002 ]
[  0.2990017 -10.3619995  30.221003 ]
[  0.53300095 -10.462999    33.997     ]
[  0.30000114 -13.724       35.979004  ]
[ -2.9469986 -14.616      37.857002 ]
[ -1.802    -13.159     41.187004]
[-0.38399887 -9.926001   39.854004  ]
[-3.3799992 -9.412001  37.691    ]
[-5.4539995 -9.440001  40.918    ]
[-3.2819996 -7.7559996 43.564003 ]
[-4.0339985 -4.2060003 44.652    ]
[-1.4229984 -2.1420002 42.82     ]
[-3.4419994e+00  1.6000748e-02  4.0449005e+01]
[-2.4109993  3.5639992 39.86     ]
[-5.916999  4.297001 38.596   ]
[-4.8569984  4.5200005 35.015    ]
[-3.3990002  1.1310005 34.187004 ]
[-5.423999  -1.9680004 33.219    ]
[-4.702999 -4.693    35.83    ]
[-3.4469986 -7.2300005 33.297005 ]
[-0.9729996 -4.892     31.596003 ]
[ 2.7270012 -5.6540003 32.114998 ]
[ 4.1220016 -2.2399998 31.128    ]
[ 3.1070004  1.0359993 32.736    ]
[ 4.3010006  4.6380005 32.28     ]
[ 4.83       6.5769997 35.502007 ]
[ 4.5670013 10.337     36.       ]
[ 2.4090004 11.207001  32.981003 ]
[-1.2929993 12.146     33.260002 ]
[-1.5970001 11.839001  29.511    ]
[-0.73199844  8.15       29.313002  ]
[-3.2109985  5.9190006 27.431002 ]
[-3.591999   2.1560001 27.563002 ]
[-4.754999   -0.19799995 24.812002  ]
[-6.273999  -3.6949997 24.668001 ]
[-6.1949997 -4.519     20.94     ]
[-9.690999 -5.398    19.792002]
[-8.221999  -7.7679996 17.244001 ]
[-4.833    -9.025    18.423002]
[-5.572999 -8.833    22.182001]
[-2.1069984 -7.4309998 22.756002 ]
[-1.625    -4.769    25.380003]
[ 0.24600029 -1.4709997  24.905     ]
[ 0.7930012  2.0039997 26.489    ]
[ 1.066     5.384001 24.659002]
[ 2.0270004  8.929001  25.729002 ]
[ 2.3740005 12.172001  23.728003 ]
[ 5.7990017 12.964001  22.306002 ]
[ 7.408001 15.940998 24.022001]
[10.6380005 17.362999  22.51     ]
[13.792999 17.676998 24.694002]
[13.797001 19.908    27.766   ]
[15.257999 23.425999 27.806002]
[18.804 22.057 28.116]
[18.575    18.432999 26.979002]
[19.355    16.201    23.973001]
[16.687 13.546 24.352]
[13.274002 12.983999 25.878   ]
[12.923    10.43     28.687002]
[ 9.980001  8.179001 29.483   ]
[ 9.747002  6.34     32.809   ]
[ 8.435001  2.790001 32.432   ]
[ 7.502001    0.19599915 35.076004  ]
[ 7.290001 -3.571    34.533005]
[ 4.568001  -5.1660004 36.696007 ]
[ 5.552    -8.896999 36.874   ]
[  8.868 -10.766  37.263]
[ 10.264    -12.844     34.410004]
[  9.933001 -15.837     36.704002]
[  6.236    -15.268     37.547005]
[  4.7020016 -18.748001   37.438004 ]
[  1.5810013 -18.533      35.324005 ]
[  2.7779999 -15.275      33.788002 ]
[  6.0200005 -14.907      31.834002 ]
[  6.91     -18.169     33.648003]
[ 10.616001 -17.772     33.151   ]
[ 10.300001 -17.068     29.419   ]
[ 12.278999 -14.144     27.9     ]
[ 10.390001 -11.233     26.394003]
[11.232002 -8.154    24.306002]
[ 9.918001  -4.6029997 24.561003 ]
[ 9.158001 -2.762    21.294   ]
[ 8.967001   1.0540009 21.235003 ]
[ 7.411001   2.7810001 18.239    ]
[ 7.035      6.4230003 17.216002 ]
[ 3.7330017  7.172001  15.482    ]
[ 1.8250008 10.139     14.093    ]
[-1.4189987 11.400999  15.698    ]
[-3.1589985  9.136999  13.215002 ]
[-1.316      5.9869995 14.342001 ]
[ 1.0450001  5.6690006 11.385    ]
[ 4.587     4.422001 12.032   ]
[ 7.4260006  6.9120007 12.17     ]
[10.014      4.6879997 13.890001 ]
[10.553001   1.3729992 15.763002 ]
[ 1.3222000e+01 -1.0000229e-02  1.8129000e+01]
[13.358002  -2.7840004 20.742002 ]
[15.41      -4.3880005 23.509    ]
[15.234001 -7.582    25.542002]
[14.019001  -7.2530003 29.116    ]
[14.503002  -9.2560005 32.251    ]
[12.565002 -8.314    35.356003]
[14.484001 -9.67     38.322006]
[15.385002 -8.865    41.914   ]
[19.112999 -8.453    41.239006]
[19.412003  -6.4540005 37.991005 ]
[23.170002  -5.7679996 38.288002 ]
[24.117    -9.281    39.419006]
[ 22.166    -10.93      36.574005]
[23.664001 -8.561    33.976006]
[27.202     -9.3029995 35.233    ]
[ 26.618     -13.0529995  35.270004 ]
[ 24.975002  -13.0720005  31.853003 ]
[ 27.811 -10.958  30.433]
[ 30.302002 -13.361     32.047005]
[-27.13     -30.497     51.630005]
[-23.886 -28.454  51.54 ]
[-25.335999 -25.664     53.633003]
[-25.716 -28.191  56.417]
[-22.005    -29.032     56.338005]
[-20.97     -25.380001  56.153   ]
[-22.942    -24.23      59.188004]
[-22.571 -27.297  61.4  ]
[-18.803    -26.894001  60.798004]
[-19.049 -23.178  61.58 ]
[-21.258999 -23.935     64.57    ]
[-19.342    -26.98      65.725006]
[-22.067   -29.6      65.36301]
[-19.629    -32.54      64.965004]
[-22.376    -35.186     65.173004]
[-24.314999 -33.375     62.461006]
[-21.265 -32.709  60.261]
[-20.575998 -36.458     60.426003]
[-24.155998 -37.331     59.492004]
[-24.529999 -35.228     56.307   ]
[-20.994    -35.501     54.967003]
[-22.111 -38.827  53.543]
[-25.265    -37.177002  52.135002]
[-22.901 -35.581  49.594]
[-19.729    -37.648003  50.14    ]
[-18.606998 -35.344     47.356003]
[-18.794998 -32.189     49.577003]
[-17.039999 -29.952     47.030006]
[-17.946999 -27.061     49.323006]
[-17.220999 -23.71      47.855003]
[-19.98     -21.26      48.878006]
[-20.552    -18.03      46.867004]
[-17.620998 -16.34      48.690002]
[-15.244999 -19.273     48.385002]
[-15.424999 -20.337     52.006004]
[-15.733999 -24.08      52.505005]
[-16.498999 -26.318     55.5     ]
[-12.756999 -26.637001  56.205   ]
[-12.466999 -22.84      56.196007]
[-15.345999 -22.551     58.728004]
[-13.935999 -25.24      61.035004]
[-10.422999 -23.734001  61.058006]
[-11.976999 -20.296     61.575005]
[-14.377999 -21.189     64.383   ]
[-11.560999 -23.341     65.785   ]
[-13.006   -26.846    65.84901]
[ -9.908999 -29.014     65.665   ]
[-11.856999 -32.248     65.809006]
[-13.948999 -31.164     62.786003]
[-10.798999 -29.868     61.094   ]
[ -9.282999 -33.311     61.702003]
[-12.384999 -35.191     60.571007]
[-12.838999 -33.206     57.308006]
[ -9.162    -33.345     56.281006]
[ -9.098999 -37.003998  57.252007]
[-12.272999 -37.393997  55.200005]
[-10.190999 -36.084     52.323006]
[-11.435999 -32.518997  52.11    ]
[ -9.084 -30.392  49.97 ]
[ -6.6869993 -28.720001   52.393005 ]
[ -5.8619995 -25.963001   49.942    ]
[ -9.273999 -24.499     49.132004]
[ -8.942999 -20.733     48.448006]
[-11.716999 -18.212     48.936005]
[-12.424999 -14.829     47.237   ]
[ -9.206999 -13.216     48.405006]
[ -7.117999 -16.363     48.062004]
[ -7.299999 -17.318     51.743004]
[ -6.770999 -21.042     52.280006]
[ -7.409999 -22.848     55.636   ]
[ -3.6759987 -22.475      56.450005 ]
[ -4.015999 -18.696     55.990005]
[ -6.999999 -18.96      58.4     ]
[ -5.0699997 -21.132      60.914    ]
[ -2.084999 -18.743     60.947006]
[ -4.236 -15.621  61.292]
[ -5.508999 -17.404     64.409004]
[ -1.8659992 -18.098      65.436005 ]
[ -2.8499985 -21.761      65.635    ]
[  0.44600105 -23.722       65.385     ]
[ -1.2049999 -27.033      66.259    ]
[ -3.75     -26.799     63.468002]
[ -0.93499947 -25.418999    61.236     ]
[  1.2420006 -28.449001   62.057    ]
[ -1.7259998 -30.735      61.261    ]
[ -2.6289997 -29.123001   57.875    ]
[  1.0270004 -28.971      56.730003 ]
[  1.3120003 -32.578      57.821007 ]
[ -1.6519985 -33.293      55.569    ]
[ -0.7269993 -31.189999   52.519005 ]
[ -1.0450001 -27.46       53.079002 ]
[  0.4050007 -25.358      50.223    ]
[  2.7330017 -23.265999   52.426003 ]
[  3.4250011 -20.748001   49.660004 ]
[ -0.17399979 -20.137001    48.57      ]
[ -0.65999985 -16.401001    48.717003  ]
[ -3.5889988 -14.056      48.97     ]
[ -4.5789986 -12.104      45.870003 ]
[-4.441    -8.407    46.755005]
[-1.723999 -8.099    49.305   ]
[ -0.1949997 -11.367001   48.027    ]
[  0.87000084 -12.913       51.293     ]
[  1.4140015 -16.433      52.630005 ]
[ -0.05699921 -18.021       55.761     ]
[  3.1550007 -17.237      57.689003 ]
[  2.5720005 -13.529      56.939003 ]
[ -0.9889984 -13.789      58.319    ]
[  0.08300018 -14.708       61.879005  ]
[ -1.3849983 -12.519      64.651    ]
[-4.0079994 -9.988     63.504005 ]
[-1.9389992 -7.432     65.43     ]
[-0.24699974 -8.242      68.777     ]
[ -3.1219997 -10.77       69.16901  ]
[ -3.0889988 -14.147      70.967    ]
[  0.6990013 -14.438      70.926    ]
[  2.1710014 -15.095      67.498    ]
[  5.1120014 -17.566      67.798004 ]
[  3.064001 -19.518     65.194   ]
[  4.8600006 -17.462      62.596    ]
[  8.124001 -19.159     63.538002]
[  6.6740017 -22.584      62.727005 ]
[  5.436001 -21.487999  59.354004]
[  8.546001 -19.422     58.659004]
[ 10.574001 -22.461     59.622   ]
[  8.890001 -24.64      57.      ]
[  9.199001 -21.997     54.265   ]
[ 12.882999 -22.042     55.060005]
[ 13.598999 -25.723999  55.779   ]
[ 11.316002 -27.276001  53.190002]
[ 13.030003 -29.121     50.389   ]
[ 16.148003 -29.466     52.545006]
[ 14.778999 -31.146     55.671005]
[ 13.179001 -34.625     55.387   ]
[ 16.415    -35.369     53.491005]
[ 15.373001 -32.941     50.782005]
[ 12.208    -34.892     50.035004]
[  9.171001 -32.957     48.889   ]
[  5.748001 -33.608     47.373   ]
[  3.802    -32.097     44.489006]
[  0.4110012 -30.769001   45.646004 ]
[ -0.45199966 -30.092       41.989006  ]
[  0.460001 -31.158     38.460007]
[  2.9370003 -29.083      36.411003 ]
[  3.2259998 -28.739      32.65     ]
[  6.6640015 -27.322      31.755003 ]
[  6.960001 -24.038     29.798002]
[ 10.717001 -24.184     29.565   ]
[ 12.825001 -27.237999  28.83    ]
[ 14.711002 -27.285     32.137   ]
[ 11.517002 -27.942001  34.121002]
[ 10.432001 -31.207     35.726006]
[  6.9960003 -32.428      34.740005 ]
[  4.9590015 -32.975      37.896004 ]
[  1.6430016 -34.584      38.618004 ]
[ -0.7749996 -34.559998   41.522003 ]
[  1.3050003 -35.962997   44.337006 ]
[  4.851 -36.895  43.331]
[  7.7060013 -37.48       45.75     ]
[ 11.028    -35.871002  44.858   ]
[ 14.296001 -34.605     46.315002]
[ 15.27     -30.99      45.796005]
[ 18.823002 -31.062     44.421005]
[ 19.202    -27.785     46.329002]
[ 17.459    -24.529     45.353004]
[ 18.337002 -20.890999  46.337006]
[ 18.732002 -17.417     44.757004]
[ 21.396    -17.809     41.991005]
[ 18.721    -18.752     39.481003]
[ 15.166 -18.343  40.709]
[ 13.857002 -17.983     44.276   ]
[ 10.431002 -19.143     43.181   ]
[ 11.860001 -22.223999  41.505005]
[ 13.32     -25.288     43.301003]
[ 15.787003 -27.556     41.417   ]
[ 14.609001 -31.105     42.091003]
[ 15.171001 -34.721     41.147003]
[ 12.012001 -36.704002  40.485   ]
[ 12.461002 -40.419     39.934006]
[ 15.697002 -40.284     37.919006]
[ 15.225002 -37.004997  36.063004]
[ 16.034    -33.531998  37.405006]
[ 14.848999 -29.963001  36.734   ]
[ 13.0060005 -26.793      37.828003 ]
[  9.867001 -26.978     39.944   ]
[  7.677    -24.132     41.214005]
[  7.882    -24.149     45.017006]
[  4.3200016 -22.803      45.032005 ]
[  2.788 -26.207  44.345]
[  4.9230003 -28.121      46.874    ]
[  4.6330013 -29.133      50.507004 ]
[  6.6120014 -31.358      52.908005 ]
[  3.5030003 -33.555      53.085007 ]
[  5.2350006 -34.999      56.195    ]
