[24.134  4.926 45.821]
[25.135  8.584 46.217]
[28.243  9.596 44.271]
[31.488 10.133 46.156]
[33.323 11.587 43.115]
[35.246 14.809 43.763]
[34.089 17.871 41.839]
[35.769 21.267 42.297]
[33.632 23.169 39.851]
[33.664 26.739 38.64 ]
[34.422 28.067 42.147]
[37.256 25.735 43.089]
[35.598 23.882 45.953]
[37.821 21.915 48.299]
[37.877 20.894 51.949]
[40.279 21.859 54.726]
[40.748 20.422 58.224]
[42.378 21.75  61.353]
[45.954 20.555 61.99 ]
[45.355 19.051 65.409]
[47.63  16.2   66.306]
[47.234 12.785 67.856]
[47.552 13.881 71.491]
[45.14  11.857 73.616]
[43.502 15.217 74.295]
[42.22  15.843 70.755]
[38.484 15.602 70.196]
[38.592 15.445 66.425]
[41.623 14.725 64.223]
[42.07  14.351 60.468]
[44.641 12.118 58.722]
[45.822 13.324 55.313]
[47.498 10.013 54.603]
[44.283  8.12  55.255]
[41.906 10.944 54.119]
[40.177 10.013 57.328]
[38.673 11.963 60.235]
[38.762 10.589 63.76 ]
[36.285 12.157 66.216]
[34.342 11.652 69.429]
[30.614 10.989 69.407]
[28.8   14.401 69.464]
[31.832 16.708 69.715]
[32.597 19.613 67.317]
[34.118 18.597 63.969]
[35.274 21.7   62.144]
[35.143 21.2   58.383]
[36.435 24.065 56.233]
[35.277 25.065 52.792]
[37.93  26.458 50.499]
[36.86  28.181 47.297]
[38.601 30.379 44.66 ]
[35.795 32.766 43.662]
[32.865 33.535 45.916]
[29.702 31.447 45.133]
[26.508 33.374 44.292]
[23.946 34.256 47.022]
[21.605 31.408 47.871]
[24.376 28.777 47.686]
[23.916 25.941 50.155]
[26.249 23.281 51.668]
[25.096 19.709 52.246]
[26.527 16.623 54.082]
[25.692 12.839 53.813]
[27.09   9.525 55.166]
[27.37   6.293 53.158]
[28.914  2.906 53.969]
[32.457  2.56  52.553]
[32.354 -1.184 51.674]
[30.595 -2.171 48.425]
[28.692 -4.966 50.13 ]
[27.013 -2.387 52.455]
[26.795  0.635 50.18 ]
[23.044  0.196 49.644]
[22.12   0.243 53.34 ]
[21.187  3.813 54.388]
[23.42   5.073 57.22 ]
[21.349  5.881 60.282]
[21.583  5.78  64.058]
[21.35   2.519 66.04 ]
[18.103  1.627 67.918]
[19.248  3.084 71.248]
[20.666  6.317 69.915]
[17.67   6.831 67.752]
[15.596  6.803 70.979]
[17.768  8.487 73.625]
[17.016 12.037 74.713]
[19.627 14.101 72.881]
[17.608 16.259 70.51 ]
[18.639 19.807 69.921]
[15.133 20.54  68.657]
[16.193 20.763 65.076]
[17.651 17.374 64.248]
[15.626 14.275 63.28 ]
[16.347 11.55  65.891]
[17.603  9.013 63.358]
[20.077 11.351 61.657]
[23.777 10.589 62.176]
[25.172 14.003 61.189]
[24.157 17.279 62.797]
[25.351 20.881 62.341]
[25.88  22.82  65.563]
[25.617 26.58  66.061]
[23.459 27.45  63.042]
[19.757 28.389 63.321]
[19.453 28.082 59.572]
[20.318 24.393 59.374]
[17.839 22.162 57.492]
[17.458 18.399 57.624]
[16.295 16.045 54.873]
[14.776 12.548 54.729]
[14.855 11.724 51.001]
[11.359 10.845 49.853]
[12.828  8.475 47.305]
[16.217  7.218 48.484]
[15.477  7.41  52.243]
[18.943  8.812 52.817]
[19.425 11.474 55.441]
[21.296 14.772 54.966]
[21.843 18.247 56.55 ]
[22.116 21.627 54.72 ]
[23.077 25.172 55.79 ]
[23.424 28.415 53.789]
[26.849 29.207 52.367]
[28.458 32.184 54.083]
[31.688 33.606 52.571]
[34.843 33.92  54.755]
[34.847 36.151 57.827]
[36.308 39.669 57.867]
[39.854 38.3   58.177]
[39.625 34.676 57.04 ]
[40.405 32.444 54.034]
[37.737 29.789 54.413]
[34.324 29.227 55.939]
[33.973 26.673 58.748]
[31.03  24.422 59.544]
[30.797 22.583 62.87 ]
[29.485 19.033 62.493]
[28.552 16.439 65.137]
[28.34  12.672 64.594]
[25.618 11.077 66.757]
[26.602  7.346 66.935]
[29.918  5.477 67.324]
[31.314  3.399 64.471]
[30.983  0.406 66.765]
[27.286  0.975 67.608]
[25.752 -2.505 67.499]
[22.631 -2.29  65.385]
[23.828  0.968 63.849]
[27.07   1.336 61.895]
[27.96  -1.926 63.709]
[31.666 -1.529 63.212]
[31.35  -0.825 59.48 ]
[33.329  2.099 57.961]
[31.44   5.01  56.455]
[32.282  8.089 54.367]
[30.968 11.64  54.622]
[30.208 13.481 51.355]
[30.017 17.297 51.296]
[28.461 19.024 48.3  ]
[28.085 22.666 47.277]
[24.783 23.415 45.543]
[22.875 26.382 44.154]
[19.631 27.644 45.759]
[17.891 25.38  43.276]
[19.734 22.23  44.403]
[22.095 21.912 41.446]
[25.637 20.665 42.093]
[28.476 23.155 42.231]
[31.064 20.931 43.951]
[31.603 17.616 45.824]
[34.272 16.233 48.19 ]
[34.408 13.459 50.803]
[36.46  11.855 53.57 ]
[36.284  8.661 55.603]
[35.069  8.99  59.177]
[35.553  6.987 62.312]
[33.615  7.929 65.417]
[35.534  6.573 68.383]
[36.435  7.378 71.975]
[40.163  7.79  71.3  ]
[40.462  9.789 68.052]
[44.22  10.475 68.349]
[45.167  6.962 69.48 ]
[43.216  5.313 66.635]
[44.714  7.682 64.037]
[48.252  6.94  65.294]
[47.668  3.19  65.331]
[46.025  3.171 61.914]
[48.861  5.285 60.494]
[51.352  2.882 62.108]
[ -6.08  -14.254  81.691]
[ -2.836 -12.211  81.601]
[-4.286 -9.421 83.694]
[ -4.666 -11.948  86.478]
[ -0.955 -12.789  86.399]
[ 8.0000e-02 -9.1370e+00  8.6214e+01]
[-1.892 -7.987 89.249]
[ -1.521 -11.054  91.461]
[  2.247 -10.651  90.859]
[ 2.001 -6.935 91.641]
[-0.209 -7.692 94.631]
[  1.708 -10.737  95.786]
[ -1.017 -13.357  95.424]
[  1.421 -16.297  95.026]
[ -1.326 -18.943  95.234]
[ -3.265 -17.132  92.522]
[ -0.215 -16.466  90.322]
[  0.474 -20.215  90.487]
[ -3.106 -21.088  89.553]
[ -3.48  -18.985  86.368]
[ 5.6000e-02 -1.9258e+01  8.5028e+01]
[ -1.061 -22.584  83.604]
[ -4.215 -20.934  82.196]
[ -1.851 -19.338  79.655]
[  1.321 -21.405  80.201]
[  2.443 -19.101  77.417]
[  2.255 -15.946  79.638]
[  4.01  -13.709  77.091]
[  3.103 -10.818  79.384]
[ 3.829 -7.467 77.916]
[ 1.07  -5.017 78.939]
[ 0.498 -1.787 76.928]
[ 3.429 -0.097 78.751]
[ 5.805 -3.03  78.446]
[ 5.625 -4.094 82.067]
[ 5.316 -7.837 82.566]
[  4.551 -10.075  85.561]
[  8.293 -10.394  86.266]
[ 8.583 -6.597 86.257]
[ 5.704 -6.308 88.789]
[ 7.114 -8.997 91.096]
[10.627 -7.491 91.119]
[ 9.073 -4.053 91.636]
[ 6.672 -4.946 94.444]
[ 9.489 -7.098 95.846]
[  8.044 -10.603  95.91 ]
[ 11.141 -12.771  95.726]
[  9.193 -16.005  95.87 ]
[  7.101 -14.921  92.847]
[ 10.251 -13.625  91.155]
[ 11.767 -17.068  91.763]
[  8.665 -18.948  90.632]
[  8.211 -16.963  87.369]
[ 11.888 -17.102  86.342]
[ 11.951 -20.761  87.313]
[  8.777 -21.151  85.261]
[ 10.859 -19.841  82.384]
[  9.614 -16.276  82.171]
[ 11.966 -14.149  80.031]
[ 14.363 -12.477  82.454]
[15.188 -9.72  80.003]
[11.776 -8.256 79.193]
[12.107 -4.49  78.509]
[ 9.333 -1.969 78.997]
[ 8.625  1.414 77.298]
[11.843  3.027 78.466]
[13.932 -0.12  78.123]
[13.75  -1.075 81.804]
[14.279 -4.799 82.341]
[13.64  -6.605 85.697]
[17.374 -6.232 86.511]
[17.034 -2.453 86.051]
[14.05  -2.717 88.461]
[15.98  -4.889 90.975]
[18.965 -2.5   91.008]
[16.814  0.622 91.353]
[15.541 -1.161 94.47 ]
[19.184 -1.855 95.497]
[18.2   -5.518 95.696]
[21.496 -7.479 95.446]
[ 19.845 -10.79   96.32 ]
[ 17.3   -10.556  93.529]
[20.115 -9.176 91.297]
[ 22.292 -12.206  92.118]
[ 19.324 -14.492  91.322]
[ 18.421 -12.88   87.936]
[ 22.077 -12.728  86.791]
[ 22.362 -16.335  87.882]
[ 19.398 -17.05   85.63 ]
[ 20.323 -14.947  82.58 ]
[ 20.005 -11.217  83.14 ]
[21.455 -9.115 80.284]
[23.783 -7.023 82.487]
[24.475 -4.505 79.721]
[20.876 -3.894 78.631]
[20.39  -0.158 78.778]
[17.461  2.187 79.031]
[16.471  4.139 75.931]
[16.609  7.836 76.816]
[19.326  8.144 79.366]
[20.855  4.876 78.088]
[21.92   3.33  81.354]
[22.464 -0.19  82.691]
[20.993 -1.778 85.822]
[24.205 -0.994 87.75 ]
[23.622  2.714 87.   ]
[20.061  2.454 88.38 ]
[21.133  1.535 91.94 ]
[19.665  3.724 94.712]
[17.042  6.255 93.565]
[19.111  8.811 95.491]
[20.803  8.001 98.838]
[17.928  5.473 99.23 ]
[ 17.961   2.096 101.028]
[ 21.749   1.805 100.987]
[23.221  1.148 97.559]
[26.162 -1.323 97.859]
[24.114 -3.275 95.255]
[25.91  -1.219 92.657]
[29.174 -2.916 93.599]
[27.724 -6.341 92.788]
[26.486 -5.245 89.415]
[29.596 -3.179 88.72 ]
[31.624 -6.218 89.683]
[29.94  -8.397 87.061]
[30.249 -5.754 84.326]
[33.933 -5.799 85.121]
[34.649 -9.481 85.84 ]
[ 32.366 -11.033  83.251]
[ 34.08  -12.878  80.45 ]
[ 37.198 -13.223  82.606]
[ 35.829 -14.903  85.732]
[ 34.229 -18.382  85.448]
[ 37.465 -19.126  83.552]
[ 36.423 -16.698  80.843]
[ 33.258 -18.649  80.096]
[ 30.221 -16.714  78.95 ]
[ 26.798 -17.365  77.434]
[ 24.852 -15.854  74.55 ]
[ 21.461 -14.526  75.707]
[ 20.598 -13.849  72.05 ]
[ 21.51  -14.915  68.521]
[ 23.987 -12.84   66.472]
[ 24.276 -12.496  62.711]
[ 27.714 -11.079  61.816]
[28.01  -7.795 59.859]
[31.767 -7.941 59.626]
[ 33.875 -10.995  58.891]
[ 35.761 -11.042  62.198]
[ 32.567 -11.699  64.182]
[ 31.482 -14.964  65.787]
[ 28.046 -16.185  64.801]
[ 26.009 -16.732  67.957]
[ 22.693 -18.341  68.679]
[ 20.275 -18.317  71.583]
[ 22.355 -19.72   74.398]
[ 25.901 -20.652  73.392]
[ 28.756 -21.237  75.811]
[ 32.078 -19.628  74.919]
[ 35.346 -18.362  76.376]
[ 36.32  -14.747  75.857]
[ 39.873 -14.819  74.482]
[ 40.252 -11.542  76.39 ]
[38.509 -8.286 75.414]
[39.387 -4.648 76.398]
[39.782 -1.174 74.818]
[42.446 -1.566 72.052]
[39.771 -2.509 69.542]
[36.216 -2.1   70.77 ]
[34.907 -1.74  74.337]
[31.481 -2.9   73.242]
[32.91  -5.981 71.566]
[34.37  -9.045 73.362]
[ 36.837 -11.313  71.478]
[ 35.659 -14.862  72.152]
[ 36.221 -18.478  71.208]
[ 33.062 -20.461  70.546]
[ 33.511 -24.176  69.995]
[ 36.747 -24.041  67.98 ]
[ 36.275 -20.762  66.124]
[ 37.084 -17.289  67.466]
[ 35.899 -13.72   66.795]
[ 34.056 -10.55   67.889]
[ 30.917 -10.735  70.005]
[28.727 -7.889 71.275]
[28.932 -7.906 75.078]
[25.37  -6.56  75.093]
[23.838 -9.964 74.406]
[ 25.973 -11.878  76.935]
[ 25.683 -12.89   80.568]
[ 27.662 -15.115  82.969]
[ 24.553 -17.312  83.146]
[ 26.285 -18.756  86.256]
